1 8 8 1_01.wav
1 8 1 1_02.wav
1 8 7 1_03.wav
1 8 2 1_04.wav
1 8 6 1_05.wav
1 8 3 1_06.wav
1 8 5 1_07.wav
1 8 4 1_08.wav
1 7 8 1_09.wav
1 7 1 1_10.wav
1 7 7 1_11.wav
1 7 2 1_12.wav
1 7 6 1_13.wav
1 7 3 1_14.wav
1 7 5 1_15.wav
1 7 4 1_16.wav
1 1 8 1_17.wav
1 1 1 1_18.wav
1 1 7 1_19.wav
1 1 2 1_20.wav
1 1 6 1_21.wav
1 1 3 1_22.wav
1 1 5 1_23.wav
1 1 4 1_24.wav
1 2 8 1_25.wav
1 2 1 1_26.wav
1 2 7 1_27.wav
1 2 2 1_28.wav
1 2 6 1_29.wav
1 2 3 1_30.wav
1 2 5 1_31.wav
1 2 4 1_32.wav
1 6 8 1_33.wav
1 6 1 1_34.wav
1 6 7 1_35.wav
1 6 2 1_36.wav
1 6 6 1_37.wav
1 6 3 1_38.wav
1 6 5 1_39.wav
1 6 4 1_40.wav
1 3 8 1_41.wav
1 3 1 1_42.wav
1 3 7 1_43.wav
1 3 2 1_44.wav
1 3 6 1_45.wav
1 3 3 1_46.wav
1 3 5 1_47.wav
1 3 4 1_48.wav

2 8 1 2_kick.wav
2 5 1 2_snare.wav
2 8 5 2_01.wav
2 8 6 2_02.wav
2 8 7 2_03.wav
2 8 8 2_04.wav
2 7 5 2_05.wav
2 7 6 2_06.wav
2 7 7 2_07.wav
2 7 8 2_08.wav
2 6 5 2_09.wav
2 6 6 2_10.wav
2 6 7 2_11.wav
2 6 8 2_12.wav
2 5 5 2_13.wav
2 5 6 2_14.wav
2 5 7 2_15.wav
2 5 8 2_16.wav
2 4 5 2_17.wav
2 4 6 2_18.wav
2 4 7 2_19.wav
2 4 8 2_20.wav
2 3 5 2_21.wav
2 3 6 2_22.wav
2 3 7 2_23.wav
2 3 8 2_24.wav
2 2 5 2_25.wav
2 2 6 2_26.wav
2 2 7 2_27.wav
2 2 8 2_28.wav
2 1 5 2_29.wav
2 1 6 2_30.wav

3 8 1 drum_1.wav
3 5 1 drum_2.wav
3 4 4 3_01.wav
3 5 5 3_02.wav
3 5 8 3_03.wav
3 5 6 3_04.wav
3 6 7 3_05.wav
3 5 7 3_06.wav
3 6 6 3_07.wav
3 7 6 3_08.wav
3 7 7 3_09.wav
3 8 6 3_10.wav
3 8 7 3_11.wav
3 8 5 3_12.wav
3 6 5 3_13.wav
3 6 8 3_14.wav
3 8 8 3_15.wav
3 7 8 3_16.wav
3 7 5 3_17.wav
3 4 8 3_18.wav
3 4 5 3_19.wav
3 4 7 3_20.wav
3 4 6 3_21.wav
3 1 7 3_22.wav
3 3 6 3_23.wav
3 1 6 3_24.wav
3 3 7 3_25.wav
3 2 6 3_26.wav
3 2 7 3_27.wav
3 2 5 3_28.wav
3 2 8 3_29.wav
3 1 8 3_30.wav
3 3 5 3_31.wav
3 1 5 3_32.wav
3 3 8 3_33.wav
3 3 4 3_34.wav
3 4 3 3_35.wav
3 3 3 3_36.wav
3 4 2 3_37.wav
3 2 4 3_38.wav
3 3 2 3_39.wav
3 2 3 3_40.wav
3 2 2 3_41.wav
3 3 1 3_42.wav
3 1 3 3_43.wav
3 4 1 3_44.wav
3 1 4 3_45.wav
3 2 1 3_46.wav
3 1 2 3_47.wav
3 1 1 3_48.wav
3 5 2 3_49.wav
3 5 4 3_50.wav
3 6 3 3_51.wav
3 5 3 3_52.wav
3 7 2 3_53.wav
3 6 2 3_54.wav
3 7 4 3_55.wav
3 6 4 3_56.wav
3 8 3 3_57.wav
3 7 3 3_58.wav
3 8 4 3_59.wav
3 8 2 3_60.wav
3 7 1 3_61.wav

4 8 1 drum_1.wav
4 6 1 drum_2.wav
4 5 5 4_01.wav
4 6 5 4_02.wav
4 5 6 4_03.wav
4 7 5 4_04.wav
4 5 7 4_05.wav
4 6 6 4_06.wav
4 8 8 4_07.wav
4 8 7 4_08.wav
4 7 8 4_09.wav
4 8 6 4_10.wav
4 6 8 4_11.wav
4 7 7 4_12.wav
4 8 5 4_13.wav
4 7 6 4_14.wav
4 6 7 4_15.wav
4 5 8 4_16.wav
4 4 8 4_17.wav
4 3 7 4_18.wav
4 2 6 4_19.wav
4 1 5 4_20.wav
4 2 5 4_21.wav
4 1 6 4_22.wav
4 3 5 4_23.wav
4 1 7 4_24.wav
4 1 8 4_25.wav
4 2 7 4_26.wav
4 3 6 4_27.wav
4 4 5 4_28.wav
4 4 4 4_29.wav
4 3 3 4_30.wav
4 2 2 4_31.wav
4 1 1 4_32.wav
4 2 1 4_33.wav
4 1 2 4_34.wav
4 3 1 4_35.wav
4 1 3 4_36.wav
4 1 4 4_37.wav
4 2 3 4_38.wav
4 3 2 4_39.wav
4 4 1 4_40.wav
4 5 1 4_41.wav
4 6 2 4_42.wav
4 7 3 4_43.wav
4 8 4 4_44.wav
4 5 4 6_37_1.wav
4 5 4 6_37_2.wav

5 8 8 5_01.wav
5 8 1 5_02.wav
5 7 7 5_03.wav
5 7 2 5_04.wav
5 6 6 5_05.wav
5 6 3 5_06.wav
5 5 5 5_07.wav
5 5 4 5_08.wav
5 5 8 5_09.wav
5 5 1 5_10.wav
5 6 7 5_11.wav
5 6 2 5_12.wav
5 7 6 5_13.wav
5 7 3 5_14.wav
5 8 5 5_15.wav
5 8 4 5_16.wav
5 7 5 5_17.wav
5 7 4 5_18.wav
5 6 5 5_19.wav
5 6 4 5_20.wav
5 5 6 5_21.wav
5 5 3 5_22.wav
5 5 7 5_23.wav
5 5 2 5_24.wav
5 6 8 5_25.wav
5 6 1 5_26.wav
5 7 8 5_27.wav
5 7 1 5_28.wav
5 8 7 5_29.wav
5 8 2 5_30.wav
5 8 6 5_31.wav
5 8 3 5_32.wav
5 4 5 5_33.wav
5 4 4 5_34.wav
5 3 6 5_35.wav
5 3 3 5_36.wav
5 2 7 5_37.wav
5 2 2 5_38.wav
5 1 8 5_39.wav
5 1 1 5_40.wav
5 4 8 5_41.wav
5 4 1 5_42.wav
5 3 7 5_43.wav
5 3 2 5_44.wav
5 2 6 5_45.wav
5 2 3 5_46.wav
5 1 5 5_47.wav
5 1 4 5_48.wav
5 1 6 5_49.wav
5 1 3 5_50.wav
5 1 7 5_51.wav
5 1 2 5_52.wav
5 2 8 5_53.wav
5 2 1 5_54.wav
5 3 8 5_55.wav
5 3 1 5_56.wav
5 4 7 5_57.wav
5 4 2 5_58.wav
5 4 6 5_59.wav
5 4 3 5_60.wav
5 3 5 5_61.wav
5 3 4 5_62.wav

6 1 4 6_01.wav
6 8 4 6_12.wav
6 8 5 6_07.wav
6 7 4 6_08.wav
6 7 5 6_09.wav
6 6 4 6_10.wav
6 6 5 6_11.wav
6 1 5 6_02.wav
6 5 5 6_13.wav
6 8 8 6_14.wav
6 8 1 6_15.wav
6 7 8 6_16.wav
6 7 1 6_17.wav
6 6 8 6_18.wav
6 6 1 6_19.wav
6 5 8 6_20.wav
6 5 1 6_21.wav
6 4 8 6_22.wav
6 4 1 6_23.wav
6 3 8 6_24.wav
6 3 1 6_25.wav
6 2 8 6_26.wav
6 2 1 6_27.wav
6 1 8 6_28.wav
6 1 1 6_29.wav
6 8 7 6_30.wav
6 8 2 6_31.wav
6 7 7 6_32.wav
6 7 2 6_33.wav
6 6 7 6_34.wav
6 6 2 6_35.wav